"gene 1"
7.81479792504104
13.5542800931308
13.6617719590405
12.593497326567
12.2568401884911
10.0478224249754
9.80696076576939
15.9998065578901
10.1282395284171
13.6573921077144
11.473132330491
12.5664341087613
13.685607981495
12.3360023595016
9.98076455780544
11.3046153408984
14.8301377102488
11.2484435052871
13.5494410981267
12.3774102904256
13.7491713414254
8.85819166870436
6.52138270072738
13.5418973278946
11.2036451057981
12.3532266313143
11.3452706586444
10.2340214416988
13.5212227324455
11.2830185733699
11.1815688744236
11.3135812817256
8.81276280362563
11.1828638292151
12.3040020557355
11.3255577260472
14.8184068708627
11.1579756138647
11.2859171263877
10.1008944367347
11.3052615503724
11.3797540076104
10.0638842645653
12.3362364020635
11.2809531132181
13.5717838605576
11.3555887143779
12.6698478404007
8.89429052301454
13.7153496263194
10.9916694431084
16.2095362271338
11.2220704430632
12.2268272883507
14.711795081948
12.4209038613891
13.5430379049788
8.94415496260311
14.8649425814144
8.98903177113617
14.7352283362921
8.9547389838287
11.2698590522582
13.6675247740753
11.2202418499797
14.9162501399598
12.5418336130621
13.6319975417359
11.1463257072715
9.00183006118939
12.4397157876335
11.4203705403756
11.2948661332777
11.2491747907764
12.4560409609828
12.3022312570759
8.77573825053686
13.5370313948761
9.04251676754482
10.0564895474612
11.2904273496228
12.2588344833985
11.4384054562406
13.7119063405
14.9063351177404
11.3870018756171
12.385079310298
10.1022267742551
7.73940836067622
9.97431684824863
8.78001096160862
10.0929344970951
10.2595048307125
12.5554627951905
15.0076158940715
10.1838539378872
8.84115024458313
11.3091030529648
6.53167120673045
11.049795289586
11.2162049459121
9.02611742127509
10.1921382761711
10.2608366593114
8.74266333089968
11.2343491779591
13.6669664732991
8.82292713174221
7.83585160202196
12.4443178670526
10.2561493539107
12.3940581293865
13.7118727640581
11.2053964263574
12.4885397634925
11.1000876033571
12.2950336610965
11.1831567640673
11.3045536115969
12.5495910879754
14.7526392886691
13.4904440406787
12.5415970122593
8.91699468951228
13.7917508120228
14.8576168535228
11.0847233982786
9.05611003210347
8.86565041582576
13.6936080618108
7.75375888664001
9.99111912410511
13.7123997545686
13.4333244935821
12.4305638864083
9.99278083801705
10.0299430705335
12.468667822193
13.9166874257499
10.1207086825868
8.73685932148362
12.3444987182505
9.08380800620774
8.8806342729084
15.7483444053772
11.1439641109973
11.1271976205437
11.3012375438541
11.2746036086355
12.4873650605547
13.5089355067793
13.6521044866126
13.4702794189121
11.206529052117
10.0455523276887
12.3047932522958
11.3006315998982
7.77424272745763
10.1391339069321
11.42843910637
13.623106912151
11.1622765750165
6.45345363160646
11.2735646498059
10.0431947697668
12.3748683100555
12.4947526552645
11.1662800602977
11.2255091583869
11.3394214747173
13.55755362096
9.02714385658107
12.3833923399726
8.91517593093334
9.96034812496624
7.77386696519554
4.20861040435143
14.9130549965944
13.7798129372522
9.98914471560711
15.0011959754857
12.4278102228382
10.1800358245052
11.1656019916946
13.7071006775556
11.3519224444302
9.03849168667521
8.68636987794083
11.2559564868428
9.97559485273358
7.69762280131178
12.6024614704126
11.5298372988395
11.3291378334644
11.3358939498221
10.0638368366572
9.01165580416052
12.4768586950081
12.4734986753557
8.76984422964876
11.1594724447542
10.0731452946535
15.9942664601491
10.1365679086621
10.1710507934328
11.5237848703935
7.80652304712574
11.0958896398554
8.81578971574368
12.6271421293182
10.1553467975035
10.0096922224306
9.02188530053219
13.794313848429
8.88344338940192
10.0266843360766
15.0042172471989
8.89144991244074
10.0102647525062
13.6318762589424
10.0553628785811
13.3885461579431
11.2523451669586
12.5122969919375
12.5700964976081
13.5832504302038
15.0037558114844
13.7357264430676
12.2758733926951
7.79508156420775
12.3810117379039
11.223465269428
11.1170279263259
12.3008521801185
12.3565984503875
10.2240791439615
10.0947691179307
11.1006398795452
11.2997093833767
9.91445894870768
10.1900279638198
8.86659963443098
11.0912621536798
9.95865472283647
13.5494185664265
11.3004032469971
13.5063877373281
10.4085130057225
8.99227076046261
14.7738155738743
13.7198686109337
12.3577822162351
11.2615393077116
13.796167456108
12.3034969645473
13.6196327128705
13.6178845299281
8.91304374949389
15.0088094003845
13.5429985342725
13.6861349216479
8.95202076202501
9.90040174346419
13.6423817403148
6.48583891294959
12.4275080770624
14.7292310121483
12.6096576204924
11.2565256223782
11.319066535408
11.27388293997
13.6855189846935
11.5019418682556
9.87264022816479
9.10775224015582
12.4662868662902
14.8996812892385
12.3900341590551
12.5847016380403
11.3264883497321
11.3351742266395
8.9205092015437
10.030930036524
12.2971093670742
13.724924476428
11.3172096597574
11.2514315692354
11.2557188931798
11.3999243043831
7.68582257255435
11.4551425255135
12.4126964339113
9.01742337109231
12.3934600489317
10.1029591096612
10.0464076942282
11.2986162189332
13.7054765464208
10.2023280622994
10.3121282936028
10.2125417698525
14.9949880973935
11.3294549038568
9.02992247423925
11.3626824530447
11.3940731656129
13.4597770705157
12.7396083393395
10.1723941983714
11.1743322578388
11.3579019230091
11.0306579094544
12.5091015485473
8.88647324119304
11.3717539040854
10.2848325383404
11.3372726987858
11.2937400493536
12.5869145206842
8.92715062268818
11.0964777057963
11.4276115976669
10.1644079001305
10.0719815398726
14.7687477823176
14.8950648517184
12.5640832869548
12.6608805690517
11.2359067726704
9.81404884658441
11.3513016122321
8.73446354853707
11.3352040084005
11.3604266037878
13.7383338382373
10.1833063676838
12.6267555852288
9.94851482729085
11.325402624372
10.0696288729453
12.3224899559182
12.5895425594169
10.2625161937065
13.6160332211241
11.1964484853122
13.6316159751047
8.84676642813098
13.6543963610277
12.4528430494863
11.2894376969769
11.5053933997334
8.79100595480061
11.4894381976045
12.6248963583919
11.3567133725898
11.3555367638067
13.5433086665026
11.3733429802612
13.5056092149939
10.98597795023
12.4906847607354
7.82655772474899
12.3859381412315
8.96647170615558
8.8122400623207
8.82530566247195
13.6952657462665
8.99898203864965
10.1149914031117
11.4102372813656
12.512357054675
11.1797685633919
14.8263009010162
13.4475209394649
9.96124331881162
9.83604140640178
9.92072963898575
13.659438123953
10.119870644028
14.9846678921686
10.2966374563361
13.8575477499613
9.99635346208536
11.4727985020387
8.93426145098461
14.9139022459817
11.1881004433618
11.2817364703547
8.79230212028399
10.2247357105557
13.5508171026534
13.6911374850884
12.5327334852997
10.1487106658079
12.5390588580324
12.4596486140023
12.5518772371792
13.6890365771398
9.99664425152433
10.1732236834739
12.3564984953973
13.5377039088062
9.98632566399727
7.81541743040031
14.8313495149068
12.4559476120258
11.4353772417344
10.0693035895679
13.4998471029377
14.8279912643985
13.6784284901851
10.0619243304967
11.0469804930529
12.7538451380691
13.6650941918807
10.1475328351516
10.0473426855781
13.7361977877461
8.88510070238705
12.4672763989404
12.3219126920736
14.921291084648
11.1480143542372
13.6128204279103
12.6317177215996
10.3021354697616
8.95437980464348
12.7357346252312
13.7446714525041
12.4481639080755
8.9939654825971
10.222150519417
9.97697624947665
7.83271914819263
10.936036327704
12.4716560180628
11.1765504061594
6.46278538708488
12.451421126368
10.0798896093209
12.6043342906949
12.3136782842776
10.0937444800632
11.2552521446821
10.0342918958551
10.1505508927511
11.1796922512316
15.0766311025396
12.4752179539361
11.2713244402679
14.9046386463733
11.2935845471268
13.6528432664927
12.8196889616731
12.5347498229195
7.86017436411145
8.9222953871622
11.1214289433775
11.4872323744849
11.5017335335525
8.99459604202363
11.272756944333
13.5203573658131
12.2680320347983
11.3720311806298
6.49927892321705
12.5377186875331
14.6303852398949
12.3991109196498
12.4939476364311
11.3084138531983
13.8825147349523
12.5348031845512
11.2704752560479
11.2829494244548
11.2801648515834
12.471634091076
13.4446201904395
9.99686380030603
11.4381227931548
15.033268945389
13.4720568880905
10.1531987248986
14.7217012007514
8.94694199597002
12.4131506034531
11.3035148407205
12.4816665212288
7.84486308897799
8.99374610819454
12.5375289178071
11.2011216017926
10.1180506544329
8.71888510805879
11.2966269809079
10.1199542528903
11.2870849622096
13.5986722405045
11.4877766181459
11.0039467886127
11.1711066827348
10.2440624780715
11.2602940575615
12.4216921076908
11.2371489932254
13.4893536394599
10.2724958707613
12.3837279220388
12.4321011954018
10.0311720426897
12.4504155702402
10.2536315658497
13.6494465732934
12.5306158851525
13.6960460194236
8.9400542447861
12.6035241097734
11.3377095566703
13.7279163640006
11.3059251096297
13.6022591364631
12.6809517220953
12.6003579347317
11.2608199929977
8.78352659259696
11.375189332804
11.2616849831202
12.1932211165667
11.2509015611653
9.89771409060347
11.2651030638224
11.4100122093773
10.1019093369215
12.4336848474531
14.7610900879742
12.3625289250649
13.558739412371
10.9309175778322
8.83932829007811
12.6056990229639
8.87550449588129
7.79082934497749
13.5769246937486
13.5867689511209
13.5393993866184
12.4230853439735
11.2068921932649
10.079326993507
7.82985582997419
12.4043599387021
11.417544944435
9.01428528123439
12.5602798680443
8.87279202617041
6.55063104840079
7.68324898033395
8.84364669580252
15.8970373941869
13.7998605037815
13.616112544768
12.3345942859921
12.3526843267062
7.62944242569505
12.5117599179486
13.7360602235136
11.2677939387642
11.3704457537854
11.5656363040611
12.3368717804555
9.99373761003592
16.3441204145727
11.069963549972
13.6497162031463
8.7804188719764
11.2651054666452
9.96020910768648
13.5916049627535
11.1339547930482
12.5798311124007
11.3140229398552
11.0800922833506
11.2502817533534
13.782134896634
10.1986204532454
14.8369059288692
9.09468462079036
11.2555230742889
12.4927272863391
11.1990927616523
13.7553401187509
13.396819362129
12.3106552097533
12.2273615167562
11.3605637552962
12.3017255802997
11.3532478077685
8.88077132604245
11.2369182168071
10.1531754864806
10.1192898808526
10.1928078423094
11.4878826220077
12.3268840873419
11.3191250502343
11.3757995053206
11.41575737105
11.0739989690408
12.2724781574022
7.69644056018766
13.5079248024126
13.6770411212509
15.8317967295922
12.3822675476816
11.3272743409058
10.256238769451
11.3468660913977
10.0301040903579
12.6799222615182
8.82613596112311
11.3825122409574
7.66117136309533
12.6419818481979
11.4170631120075
7.71918677417897
8.95036684148435
12.555173061979
11.2118917971693
9.99185217608934
10.0298948747235
12.4449932293369
11.1788596667047
9.033353498678
13.6430567882988
10.0729275360981
11.3002676466714
11.0790222502178
12.3448312353851
12.4265916107461
12.3534039881087
13.6579936619099
12.2889049736742
11.2690955159098
13.780949704951
11.1804178663964
16.2247316757444
13.593936923178
13.4667108433034
12.3737823340541
9.938476487754
12.6094685436628
11.3844802265725
11.1999858525298
14.7731643708209
15.033527564203
10.0939959180327
10.3689153640682
11.4219418903375
11.1923175935236
7.91481831853913
12.5252394170393
12.5688873031176
10.1667710733592
11.4791696980739
10.1763424606322
11.4090891314775
10.0445269691881
12.420894836298
12.5647661777416
10.1565216209225
7.65512969057349
10.1754388226683
13.872543527164
9.88895467470697
12.3435903537258
12.3829622766641
10.0135583863312
13.6638432820892
8.84517715020088
8.87905458163631
12.4431483962411
7.80581540291356
12.5406068373455
10.1847664343506
11.1964602754923
11.354976205697
12.5804209066202
10.0642626598096
13.6768136957226
13.6297961561533
9.93540375452069
13.5374727840721
10.2105230397437
13.5156637830048
11.3219186244879
13.5533345329727
13.7399532848008
15.9403637461677
11.4056744140321
12.6885734813363
10.0805423828074
11.4725731038699
16.0628652892252
8.92082917170321
8.90509983405093
10.1051163279809
15.1080376339019
11.3049629434853
11.1502226532028
12.7492828387392
10.1526859245456
12.4816289489296
11.3044589861918
10.0751874907692
14.876999958891
11.3010111712227
14.9091798774072
11.1898249083698
10.0213760319616
14.8874341607243
11.3598209333472
13.8184275896482
11.1156864650025
10.0546525038058
11.2439056973046
11.1713406057619
12.1778620233065
11.324210186222
7.80633368210185
12.5654466777353
8.84427041876915
10.0502549763066
13.8396268278056
12.5461149556794
12.3715156987159
11.2666254110596
15.0854540555176
13.5883229827203
11.3250743309873
6.44027983365955
13.6945586031301
13.6989178629617
12.566314824836
7.76406756240816
13.4634078136768
13.6079818311973
10.2130362679501
13.7628545843768
9.96058065446764
9.93729233294046
12.209969036258
10.0123550471187
11.1952463221965
8.79500974952619
12.4887929493133
8.73785788346058
11.3875328326132
7.79172966591394
11.3899702197265
16.1733424259619
13.5448939971044
10.2101558153643
13.5815475093891
8.97727356117658
9.98991789940477
11.4040850840613
11.2814585091278
9.90461659633755
12.4967229315504
11.4053751013103
11.3623195191767
9.94824395315916
11.3850805803097
13.595978921103
13.5772715275708
9.10584263946893
13.6095328480475
12.4199227814783
13.5947016421728
12.5747680328128
12.6254633563708
11.2760835918348
13.5831338894266
8.97949314788503
12.4759068456841
14.5931268927702
8.87711904880872
11.2736124612486
8.97677530869586
8.91124019230305
12.6601827594057
12.2420687367722
10.1957629459578
10.12112327217
12.4413274764738
15.0407504231531
13.6128647994127
13.7194241880612
12.2701472012215
6.45403612795533
11.2604036481949
11.2626300006231
8.79298944648323
10.1497297922055
11.3682163150838
11.3716229081495
11.3649651931626
8.84500466433749
13.4605308758576
13.6668070232539
12.5327207953836
10.202901827586
12.5247867854016
12.5309492727748
13.4774285880628
12.4552770676716
13.6436974239328
13.7014646801205
11.2184243737958
13.8747277877337
10.2890835475479
12.2696677876595
12.5499987814441
11.5478505703885
12.2333359657984
12.3824227503001
11.2440205205731
10.2068681766229
11.2380174205013
10.164703481844
10.0566253966633
12.4292209339407
13.5239652317009
11.3812198664828
11.3937493202766
11.5158529630156
13.5685443749697
12.3125210236011
12.3427136877223
13.6101925096484
11.1060136119998
11.3353659669044
9.85618124054024
10.055969811318
13.6894893473969
8.93026070964542
11.3560146924374
8.90554797040426
10.1739104319229
12.7036487912496
7.79005806772189
12.413033037565
12.4915477755676
11.5294415618459
8.88087644976263
8.91005038372798
13.724067389514
12.5110123944405
12.3151515795061
11.2739094439831
10.1725425821067
13.5464293129832
10.1995060764655
11.3731395818226
12.6383663775759
11.323207992617
12.5730141898309
11.1826863382746
11.376062371694
12.2338873975586
11.1693462105365
12.4821565425906
8.78233682836959
10.1483347343833
12.4754888556783
11.2849878874158
8.85516258924022
11.3465922617359
12.442550311329
12.4815842269655
7.84808035117978
10.3045253820085
10.1041837264687
11.2270369585219
13.6155964866421
13.7674774284395
11.5202573815257
13.5426817289651
10.2381876422654
11.1235717516478
13.5175538474692
6.54903673373572
9.986266122853
11.3554076399839
12.3893870918576
11.4344870399042
12.560032206905
12.5686325579886
10.2111695287808
13.3518327662662
9.0294654447033
10.0648236081989
7.65263562646689
11.2281414880249
11.3420968303375
12.3218096329692
12.3400278753796
11.2412083149865
10.2575275478753
9.07423846223848
10.2311496345847
11.2119372491559
13.6247611226529
13.6350034294257
12.4411554247547
13.5647479098393
8.89007848951899
10.2250484993288
12.7542588124404
11.2165212514282
11.4061621788948
8.99701445930523
11.166492163417
10.1221235282089
8.94737976326076
13.8668412903988
11.5377189339392
11.4179267562153
11.3086681680917
12.4353976540225
13.7270555957211
12.4487458417272
8.88984911623541
12.5373404746079
13.6355693989476
12.7075346415368
13.6512487730157
8.8386669055707
11.1711382655473
11.1664176905155
13.5895525397496
9.99302846697979
9.96675354621931
10.0597028166073
13.5891634551651
9.98270637958785
12.370089208223
10.0683730861815
11.3980848112292
7.90375203203274
12.33447027953
13.6061484878718
12.7427695978018
10.1565910059011
10.2706650038794
8.93773788019026
12.2681121270477
12.4240723986939
11.1697043592032
14.6995430879542
6.64229754392256
10.0238506366503
11.4132636465007
10.1634913100393
12.5793342110902
13.8221307234777
7.74249951447345
12.4090969346851
12.5484704356478
11.2038340136303
8.83061206963071
7.85296714574952
11.3189394771137
11.3292414329957
12.4919943624593
8.78798644779081
12.3277164415917
12.4880058012528
13.6625178013013
7.6846702234869
9.84408071187229
10.310275918528
10.0516071014614
11.3298168919349
13.9019770645098
11.1424382103377
14.9600912158934
13.8113381331753
13.4947708455452
6.52265640887568
11.2854999410238
8.91023849079458
12.7192621094279
14.6918890873247
12.4002403762609
12.3622111509067
10.2029438674433
11.2167470498432
8.99066861703167
10.0863817297497
13.5147749181852
